Matrix from file1.txt:
[[ 1  2  3  4  5]
 [ 6  7  8  9 10]
 [11 12 13 14 15]
 [16 17 18 19 20]
 [21 22 23 24 25]]
Matrix from file2.txt:
[[ 10 200  30  40  50]
 [ 60  70  80  90 100]
 [110 120 130 140 150]
 [160 170 180 190 200]
 [210  22 230 240 250]]
Product of M1 and M2:
[[ 2150  1490  2450  2600  2750]
 [ 4900  4400  5700  6100  6500]
 [ 7650  7310  8950  9600 10250]
 [10400 10220 12200 13100 14000]
 [13150 13130 15450 16600 17750]]
Dot Product of M1 and M2:
[[ 2150  1490  2450  2600  2750]
 [ 4900  4400  5700  6100  6500]
 [ 7650  7310  8950  9600 10250]
 [10400 10220 12200 13100 14000]
 [13150 13130 15450 16600 17750]]
Transposed M1:
[[ 1  6 11 16 21]
 [ 2  7 12 17 22]
 [ 3  8 13 18 23]
 [ 4  9 14 19 24]
 [ 5 10 15 20 25]]
Transposed M2:
[[ 10  60 110 160 210]
 [200  70 120 170  22]
 [ 30  80 130 180 230]
 [ 40  90 140 190 240]
 [ 50 100 150 200 250]]
Product of Transposed M1 and Transposed M2:
[[ 3230  4900  7650 10400 11962]
 [ 3560  5300  8300 11300 12914]
 [ 3890  5700  8950 12200 13866]
 [ 4220  6100  9600 13100 14818]
 [ 4550  6500 10250 14000 15770]]
Dot Product of Transposed M1 and Transposed M2:
[[ 3230  4900  7650 10400 11962]
 [ 3560  5300  8300 11300 12914]
 [ 3890  5700  8950 12200 13866]
 [ 4220  6100  9600 13100 14818]
 [ 4550  6500 10250 14000 15770]]